tamano: 3179
Swaps:
[0]25096
[1]22383
[2]21419
[3]23450
[4]25833
[5]23062
[6]23699
[7]23988
[8]28083
[9]20716
[10]26927
[11]24017
[12]21465
[13]21879
[14]25455
[15]24191
[16]23039
[17]24819
[18]22785
[19]22411
[20]24526
[21]23163
[22]22530
[23]21451
[24]26582
[25]24234
[26]20193
[27]26341
[28]22736
[29]23636
[30]25530
[31]23841
[32]20729
[33]22519
[34]25627
[35]24012
[36]22166
[37]25486
[38]25802
[39]25806
[40]22013
[41]23957
[42]22595
[43]20365
[44]24243
[45]24494
[46]22633
[47]23699
[48]21775
[49]24047
[50]23040
[51]23910
[52]23883
[53]23349
[54]23023
[55]25927
[56]24248
[57]22213
[58]22109
[59]21858
[60]23198
[61]23326
[62]23115
[63]24458
[64]24806
[65]24946
[66]22541
[67]21563
[68]23354
[69]23066
[70]21588
[71]29721
[72]21355
[73]26082
[74]23618
[75]21374
[76]25544
[77]24451
[78]23988
[79]25898
[80]21246
[81]22243
[82]24142
[83]24555
[84]21913
[85]22334
[86]22350
[87]24699
[88]26540
[89]22676
[90]24500
[91]25034
[92]21473
[93]21382
[94]23001
[95]24912
[96]23322
[97]26909
[98]22410
[99]20130
n*ln(n): 25636.5	n*log(n): 11133.8
Promedio: 	23587.7
tamano: 9199
Swaps:
[0]73544
[1]75886
[2]76827
[3]88253
[4]74587
[5]74228
[6]75182
[7]73779
[8]75832
[9]88007
[10]78589
[11]82840
[12]81801
[13]78297
[14]85071
[15]79527
[16]80393
[17]73084
[18]71651
[19]80358
[20]80210
[21]76404
[22]76449
[23]74492
[24]73264
[25]91521
[26]74347
[27]79909
[28]73217
[29]77679
[30]78222
[31]77528
[32]80931
[33]73976
[34]77286
[35]79838
[36]86528
[37]74185
[38]75570
[39]76040
[40]71380
[41]82993
[42]74654
[43]71626
[44]76941
[45]83541
[46]78972
[47]71455
[48]74520
[49]78794
[50]79717
[51]85747
[52]80770
[53]72726
[54]68570
[55]84995
[56]80017
[57]75762
[58]77126
[59]80159
[60]93486
[61]71741
[62]78191
[63]76926
[64]83356
[65]71244
[66]84883
[67]77894
[68]87899
[69]84224
[70]80467
[71]81814
[72]77131
[73]79970
[74]92415
[75]79249
[76]100198
[77]79005
[78]91608
[79]82465
[80]82558
[81]74095
[82]78184
[83]93012
[84]75554
[85]70945
[86]76229
[87]80231
[88]85369
[89]87776
[90]71596
[91]74548
[92]76746
[93]81233
[94]76415
[95]77906
[96]81001
[97]88325
[98]73336
[99]72324
n*ln(n): 83957.9	n*log(n): 36462.4
Promedio: 	79073.5
tamano: 6242
Swaps:
[0]52875
[1]55051
[2]47315
[3]50980
[4]64561
[5]50564
[6]47410
[7]43909
[8]44364
[9]57850
[10]48608
[11]51863
[12]46586
[13]50696
[14]55080
[15]46193
[16]45447
[17]54506
[18]50529
[19]49637
[20]43073
[21]52225
[22]43713
[23]48276
[24]50549
[25]48526
[26]55719
[27]50369
[28]52265
[29]50849
[30]50907
[31]48755
[32]54671
[33]47092
[34]54159
[35]45425
[36]52572
[37]50624
[38]55479
[39]54274
[40]48907
[41]48071
[42]45579
[43]49852
[44]51337
[45]51746
[46]45952
[47]55326
[48]51915
[49]45174
[50]49467
[51]50205
[52]54356
[53]50146
[54]49513
[55]54986
[56]48610
[57]50893
[58]61068
[59]48693
[60]49766
[61]46230
[62]49827
[63]46527
[64]53918
[65]55633
[66]50918
[67]47395
[68]50490
[69]52356
[70]50611
[71]48554
[72]51239
[73]51391
[74]54166
[75]54951
[76]47146
[77]50991
[78]43978
[79]61791
[80]49923
[81]45768
[82]48694
[83]49316
[84]46353
[85]46057
[86]46863
[87]47629
[88]53681
[89]47564
[90]57190
[91]52512
[92]45116
[93]49660
[94]49201
[95]50907
[96]47712
[97]50166
[98]54697
[99]51264
n*ln(n): 54549.2	n*log(n): 23690.4
Promedio: 	50434.9
tamano: 1328
Swaps:
[0]8495
[1]7664
[2]7628
[3]7310
[4]8296
[5]9963
[6]7405
[7]7987
[8]7529
[9]9022
[10]7651
[11]8403
[12]8526
[13]8713
[14]9634
[15]7911
[16]7866
[17]9617
[18]8185
[19]7480
[20]8296
[21]8367
[22]7944
[23]8965
[24]9479
[25]9364
[26]9483
[27]7860
[28]8730
[29]9535
[30]7811
[31]9527
[32]7741
[33]9388
[34]9097
[35]8425
[36]9177
[37]8035
[38]8536
[39]9048
[40]8070
[41]9414
[42]7334
[43]9140
[44]8157
[45]7935
[46]10139
[47]7582
[48]8696
[49]8227
[50]7890
[51]7485
[52]7910
[53]8446
[54]8562
[55]9026
[56]7802
[57]8788
[58]8114
[59]7414
[60]9055
[61]9194
[62]8236
[63]10029
[64]8451
[65]9748
[66]9308
[67]10647
[68]9475
[69]7949
[70]7389
[71]7677
[72]8285
[73]8370
[74]9675
[75]8413
[76]9471
[77]8082
[78]7392
[79]7666
[80]9538
[81]9186
[82]8701
[83]7310
[84]7692
[85]7603
[86]9493
[87]8599
[88]7306
[89]9708
[90]10223
[91]8171
[92]9267
[93]9310
[94]8304
[95]8121
[96]8041
[97]7615
[98]7892
[99]9433
n*ln(n): 9550.22	n*log(n): 4147.61
Promedio: 	8522.49
tamano: 3345
Swaps:
[0]24384
[1]26504
[2]22362
[3]23821
[4]24192
[5]25482
[6]24042
[7]23555
[8]22513
[9]26546
[10]25707
[11]25891
[12]25423
[13]22893
[14]26449
[15]23019
[16]24605
[17]23832
[18]24375
[19]23223
[20]25693
[21]24344
[22]22525
[23]22349
[24]26602
[25]23736
[26]21991
[27]23997
[28]25859
[29]27643
[30]24656
[31]26705
[32]24148
[33]25196
[34]26261
[35]24584
[36]23767
[37]22803
[38]22559
[39]25909
[40]25544
[41]23615
[42]24199
[43]24544
[44]24672
[45]24377
[46]25055
[47]24823
[48]28541
[49]24748
[50]23769
[51]22151
[52]21088
[53]24644
[54]24449
[55]27081
[56]23032
[57]27061
[58]24692
[59]25247
[60]25681
[61]28292
[62]29535
[63]25644
[64]25246
[65]22941
[66]30146
[67]26669
[68]26234
[69]24964
[70]24346
[71]24060
[72]28533
[73]23050
[74]26274
[75]28075
[76]22550
[77]23227
[78]22336
[79]22226
[80]24464
[81]22557
[82]22902
[83]27107
[84]24853
[85]22798
[86]28246
[87]22638
[88]22413
[89]25216
[90]27538
[91]23548
[92]23987
[93]26438
[94]22764
[95]25447
[96]23094
[97]23520
[98]22843
[99]24682
n*ln(n): 27145.4	n*log(n): 11789.1
Promedio: 	24705.6
tamano: 7515
Swaps:
[0]62557
[1]68383
[2]60339
[3]60885
[4]61429
[5]68169
[6]63903
[7]58513
[8]65513
[9]63086
[10]61436
[11]59982
[12]57805
[13]59071
[14]58129
[15]60696
[16]69032
[17]63108
[18]63236
[19]59807
[20]70018
[21]63146
[22]64561
[23]61671
[24]58755
[25]59712
[26]60680
[27]56570
[28]66475
[29]59363
[30]65108
[31]70902
[32]56175
[33]64917
[34]60749
[35]60504
[36]62942
[37]65292
[38]69801
[39]69151
[40]55282
[41]62781
[42]62315
[43]58583
[44]65441
[45]66141
[46]60108
[47]68894
[48]61055
[49]62286
[50]59346
[51]64240
[52]67551
[53]62747
[54]59417
[55]62922
[56]63550
[57]62269
[58]57620
[59]77223
[60]67871
[61]54901
[62]62105
[63]55294
[64]63600
[65]63004
[66]75232
[67]54750
[68]65000
[69]64027
[70]57518
[71]60262
[72]60007
[73]57029
[74]76629
[75]68325
[76]61691
[77]64909
[78]59840
[79]61850
[80]74392
[81]65356
[82]59738
[83]62662
[84]61258
[85]63709
[86]61981
[87]60739
[88]72269
[89]57912
[90]63942
[91]59857
[92]59368
[93]56354
[94]63811
[95]62991
[96]61675
[97]61226
[98]58073
[99]68074
n*ln(n): 67068.8	n*log(n): 29127.6
Promedio: 	62805.7
tamano: 4213
Swaps:
[0]38095
[1]30824
[2]34301
[3]37408
[4]32748
[5]29627
[6]29220
[7]33262
[8]30235
[9]32347
[10]34359
[11]34434
[12]27955
[13]29876
[14]32825
[15]34693
[16]31533
[17]35453
[18]30139
[19]28974
[20]34322
[21]32780
[22]31907
[23]30345
[24]29332
[25]36124
[26]35844
[27]27291
[28]32584
[29]31672
[30]29285
[31]31478
[32]27405
[33]34110
[34]31862
[35]37235
[36]34372
[37]30976
[38]32641
[39]35277
[40]30202
[41]31009
[42]33138
[43]30743
[44]33538
[45]28561
[46]35816
[47]39749
[48]31190
[49]38078
[50]31035
[51]29876
[52]29733
[53]35491
[54]32748
[55]33329
[56]28541
[57]34553
[58]30251
[59]35028
[60]33782
[61]36281
[62]32748
[63]34372
[64]31162
[65]31205
[66]31277
[67]33316
[68]30283
[69]30957
[70]29522
[71]33421
[72]35936
[73]33309
[74]34129
[75]32874
[76]33233
[77]34246
[78]29713
[79]34107
[80]35201
[81]29581
[82]35195
[83]30054
[84]28741
[85]31454
[86]34043
[87]31961
[88]35104
[89]32183
[90]29774
[91]33524
[92]34960
[93]37308
[94]31495
[95]29359
[96]33770
[97]31308
[98]36431
[99]33303
n*ln(n): 35161.4	n*log(n): 15270.4
Promedio: 	32583.8
tamano: 9191
Swaps:
[0]89640
[1]80662
[2]72373
[3]86570
[4]90100
[5]73998
[6]73960
[7]82039
[8]75034
[9]90191
[10]71282
[11]75962
[12]80605
[13]76055
[14]76243
[15]83273
[16]84232
[17]77975
[18]77881
[19]82745
[20]73480
[21]74062
[22]71750
[23]76917
[24]72547
[25]78097
[26]71611
[27]80030
[28]70715
[29]80826
[30]82944
[31]72463
[32]83273
[33]85092
[34]82167
[35]104057
[36]80576
[37]87420
[38]79151
[39]79623
[40]91496
[41]78855
[42]82888
[43]74003
[44]77421
[45]74274
[46]87770
[47]80738
[48]77254
[49]74507
[50]80199
[51]71285
[52]72096
[53]89154
[54]83745
[55]86051
[56]74641
[57]76610
[58]73628
[59]74747
[60]77288
[61]83849
[62]79224
[63]82048
[64]77837
[65]79854
[66]76760
[67]84271
[68]85424
[69]76786
[70]81573
[71]78858
[72]72165
[73]76919
[74]74588
[75]77714
[76]72618
[77]76118
[78]80141
[79]74421
[80]73538
[81]79544
[82]77339
[83]79629
[84]88741
[85]78989
[86]83730
[87]94867
[88]76233
[89]77199
[90]76693
[91]76177
[92]81363
[93]85461
[94]81969
[95]88117
[96]86702
[97]77466
[98]77022
[99]86157
n*ln(n): 83876.9	n*log(n): 36427.3
Promedio: 	79643.8
tamano: 3896
Swaps:
[0]32180
[1]26144
[2]26817
[3]29502
[4]33225
[5]29403
[6]27219
[7]28249
[8]31576
[9]28343
[10]30470
[11]26001
[12]27568
[13]30662
[14]30164
[15]30394
[16]29525
[17]34725
[18]28189
[19]27851
[20]28434
[21]30269
[22]28733
[23]26101
[24]26488
[25]27168
[26]29205
[27]31831
[28]26303
[29]25543
[30]28322
[31]27483
[32]27731
[33]31711
[34]31461
[35]28829
[36]28575
[37]29867
[38]28648
[39]29068
[40]36178
[41]28031
[42]31547
[43]27803
[44]28435
[45]29671
[46]30736
[47]37879
[48]34257
[49]31137
[50]28906
[51]28918
[52]24659
[53]27024
[54]28014
[55]26446
[56]29497
[57]31988
[58]30670
[59]26975
[60]27952
[61]29942
[62]28924
[63]34446
[64]29750
[65]34435
[66]32145
[67]28371
[68]29584
[69]30221
[70]32447
[71]29010
[72]30542
[73]28565
[74]30314
[75]31049
[76]27897
[77]25252
[78]28872
[79]30147
[80]25568
[81]35045
[82]32405
[83]33790
[84]26894
[85]32490
[86]28361
[87]25636
[88]30873
[89]26202
[90]26406
[91]27214
[92]30155
[93]38207
[94]27825
[95]30213
[96]27483
[97]30243
[98]29563
[99]30336
n*ln(n): 32211	n*log(n): 13989.1
Promedio: 	29535.2
tamano: 555
Swaps:
[0]3051
[1]3446
[2]2690
[3]2816
[4]2967
[5]2637
[6]3617
[7]2881
[8]3005
[9]3111
[10]3274
[11]3827
[12]2915
[13]3217
[14]3816
[15]2806
[16]3271
[17]3456
[18]3005
[19]3460
[20]2707
[21]3333
[22]2950
[23]2881
[24]2914
[25]3021
[26]3541
[27]3046
[28]3209
[29]2812
[30]3328
[31]3032
[32]3496
[33]3691
[34]3248
[35]3048
[36]3470
[37]3068
[38]3142
[39]3504
[40]2898
[41]2769
[42]2969
[43]3557
[44]3235
[45]3962
[46]2904
[47]3201
[48]2913
[49]3278
[50]2901
[51]3001
[52]2841
[53]2623
[54]3582
[55]3469
[56]2699
[57]3060
[58]3041
[59]3181
[60]2626
[61]4097
[62]2603
[63]2745
[64]2530
[65]3783
[66]2833
[67]3645
[68]2994
[69]2968
[70]2863
[71]3106
[72]3352
[73]2992
[74]3035
[75]3462
[76]2873
[77]2879
[78]3393
[79]3633
[80]3024
[81]3546
[82]3103
[83]3789
[84]2862
[85]3125
[86]2782
[87]2757
[88]2856
[89]3786
[90]2986
[91]3104
[92]3225
[93]3199
[94]2658
[95]2838
[96]3648
[97]2876
[98]3213
[99]2768
n*ln(n): 3507.03	n*log(n): 1523.08
Promedio: 	3133.5
