*** Parámetros ***
Base de Datos: Iris
Dos Clases: Iris-versicolor (Propia o normal) e Iris-virginica (No-propia o anormal)
Dos Atributos: Largo del Petalo (PetalLength) y Ancho del Petalo(PetalWidth)
R: 0.05
Cantidad de Detectores: 1000
Minimo Largo del Petalo: 1
Maximo Largo del Petalo: 6.9
Minimo Ancho del Petalo: 2.5
Maximo Ancho del Sépalo: 0.1
***** self *****
0.627119 0.541667 
0.59322 0.583333 
0.661017 0.583333 
0.508475 0.5 
0.59322 0.5 
0.627119 0.625 
0.38983 0.375 
0.491525 0.541667 
0.423729 0.375 
0.542373 0.583333 
0.508475 0.375 
0.627119 0.541667 
0.440678 0.5 
0.576271 0.541667 
0.59322 0.583333 
0.525424 0.375 
0.59322 0.583333 
0.491525 0.416667 
0.644068 0.708333 
0.508475 0.5 
0.661017 0.583333 
0.627119 0.458333 
0.559322 0.5 
0.576271 0.541667 
0.677966 0.666667 
0.423729 0.375 
0.474576 0.416667 
0.457627 0.375 
0.491525 0.458333 
0.694915 0.625 
0.59322 0.583333 
0.627119 0.583333 
0.576271 0.5 
0.525424 0.5 
0.508475 0.5 
0.576271 0.458333 
0.610169 0.541667 
0.508475 0.458333 
0.38983 0.375 
0.542373 0.5 
0.542373 0.458333 
0.542373 0.5 
0.559322 0.5 
0.338983 0.416667 
0.525424 0.5 
0.847458 1 
0.694915 0.75 
0.830508 0.833333 
0.779661 0.708333 
0.813559 0.875 
0.949153 0.833333 
0.59322 0.666667 
0.898305 0.708333 
0.813559 0.708333 
0.864407 1 
0.694915 0.791667 
0.728814 0.75 
0.762712 0.833333 
0.677966 0.791667 
0.694915 0.958333 
0.728814 0.916667 
0.966102 0.875 
0.661017 0.791667 
0.966102 0.791667 
0.661017 0.708333 
0.79661 0.833333 
0.847458 0.708333 
0.661017 0.708333 
0.779661 0.833333 
0.813559 0.625 
0.864407 0.75 
0.915254 0.791667 
0.779661 0.875 
0.694915 0.583333 
0.779661 0.541667 
0.864407 0.916667 
0.779661 0.958333 
0.762712 0.708333 
0.644068 0.708333 
0.745763 0.833333 
0.779661 0.958333 
0.694915 0.916667 
0.694915 0.75 
0.830508 0.916667 
0.79661 1 
0.711864 0.916667 
0.677966 0.75 
0.711864 0.791667 
0.745763 0.916667 
0.694915 0.708333 


*** detectores***
0.804652 0.47865 
0.305025 0.842965 
0.112303 0.0341417 
0.531134 0.210954 
0.321074 0.20284 
0.175329 0.521096 
0.0937238 0.355428 
0.906141 0.0593951 
0.576313 0.756189 
0.316487 0.181911 
0.175298 0.292339 
0.167226 0.596248 
0.344075 0.112435 
0.0402766 0.727147 
0.899311 0.622488 
0.101138 0.954085 
0.546927 0.213442 
0.988226 0.0780613 
0.424396 0.3093 
0.280901 0.599724 
0.830395 0.374625 
0.955152 0.736537 
0.492726 0.750507 
0.0428455 0.880603 
0.264272 0.38692 
0.993038 0.304549 
0.114068 0.892349 
0.596311 0.0281754 
0.717211 0.143239 
0.241617 0.705437 
0.2213 0.666013 
0.0147372 0.502201 
0.265737 0.845133 
0.876826 0.22089 
0.581669 0.310846 
0.752355 0.074395 
0.0613531 0.465732 
0.742419 0.104199 
0.346335 0.00669084 
0.31124 0.605187 
0.231721 0.238277 
0.368313 0.828033 
0.266452 0.0855244 
0.971271 0.508069 
0.790962 0.192572 
0.174082 0.805699 
0.694773 0.439819 
0.660709 0.232501 
0.882446 0.413064 
0.306896 0.943799 
0.878796 0.0493145 
0.0479975 0.225131 
0.0560053 0.539116 
0.144303 0.796225 
0.624258 0.871973 
0.194801 0.482873 
0.0544727 0.654653 
0.0781335 0.936918 
0.0677173 0.385029 
0.434344 0.928715 
0.171645 0.490349 
0.467831 0.736148 
0.124751 0.156631 
0.335089 0.722891 
0.111994 0.54026 
0.269256 0.306795 
0.023134 0.2632 
0.152427 0.0776068 
0.917853 0.230561 
0.0145252 0.985571 
0.61559 0.895243 
0.932084 0.0499338 
0.823958 0.103729 
0.540283 0.291789 
0.839877 0.397877 
0.903923 0.37225 
0.860992 0.0286739 
0.528881 0.196081 
0.751565 0.281041 
0.821301 0.180468 
0.170353 0.844435 
0.443668 0.322781 
0.922042 0.361522 
0.553342 0.936567 
0.347092 0.168932 
0.83181 0.279176 
0.218865 0.655768 
0.382905 0.759148 
0.947556 0.222782 
0.157025 0.85148 
0.595032 0.018017 
0.880154 0.123913 
0.214098 0.631719 
0.404954 0.12531 
0.495277 0.226255 
0.305778 0.665631 
0.0706904 0.749446 
0.988411 0.992733 
0.110968 0.541753 
0.9293 0.45806 
0.416877 0.120142 
0.688698 0.364434 
0.342924 0.845723 
0.215913 0.937956 
0.86374 0.0960671 
0.0618685 0.0778378 
0.727786 0.466822 
0.203148 0.223063 
0.693077 0.508926 
0.258372 0.877105 
0.7565 0.36934 
0.418858 0.6858 
0.827401 0.129543 
0.44691 0.564637 
0.0590925 0.863787 
0.228221 0.0277026 
0.965658 0.457253 
0.540202 0.0275267 
0.535091 0.267987 
0.494349 0.738239 
0.491051 0.187426 
0.247165 0.379744 
0.951194 0.505537 
0.25685 0.707694 
0.393494 0.702278 
0.266915 0.864343 
0.612133 0.932413 
0.979397 0.205647 
0.376547 0.945055 
0.972581 0.197991 
0.184736 0.46693 
0.654357 0.183395 
0.0555311 0.60555 
0.688932 0.312381 
0.313245 0.56381 
0.988088 0.706739 
0.266087 0.793339 
0.657682 0.251335 
0.484696 0.269815 
0.183747 0.464093 
0.409148 0.138362 
0.336353 0.661779 
0.84866 0.272583 
0.337565 0.503016 
0.108567 0.144911 
0.705477 0.421811 
0.12855 0.974808 
0.486904 0.675693 
0.50781 0.144586 
0.927028 0.992507 
0.414401 0.110775 
0.4566 0.889862 
0.671069 0.865748 
0.0282239 0.148112 
0.247477 0.364577 
0.80989 0.0961367 
0.63716 0.147456 
0.599153 0.0931388 
0.540552 0.70772 
0.23805 0.246029 
0.129531 0.94677 
0.939595 0.258081 
0.921577 0.426499 
0.933775 0.429387 
0.571085 0.860803 
0.421894 0.985486 
0.875348 0.642647 
0.268149 0.600649 
0.0878549 0.905309 
0.998448 0.288657 
0.394728 0.236498 
0.183267 0.474281 
0.782341 0.104845 
0.576918 0.956126 
0.83462 0.332699 
0.191143 0.578861 
0.236271 0.981902 
0.644674 0.154 
0.264429 0.827941 
0.628281 0.0467695 
0.932786 0.529061 
0.762885 0.467019 
0.000926518 0.339803 
0.8883 0.257765 
0.790976 0.0794429 
0.836626 0.0272466 
0.0613451 0.407205 
0.531666 0.643897 
0.065639 0.941395 
0.974553 0.411081 
0.349571 0.593867 
0.151251 0.994245 
0.747867 0.41568 
0.822187 0.376149 
0.46245 0.754973 
0.90521 0.225334 
0.221992 0.906137 
0.902901 0.15539 
0.53288 0.739527 
0.182637 0.594225 
0.146731 0.714303 
0.238122 0.21237 
0.655698 0.212675 
0.623452 0.00526886 
0.806542 0.774703 
0.999514 0.55441 
0.190383 0.821701 
0.930559 0.652832 
0.576674 0.835769 
0.741906 0.443304 
0.443802 0.10632 
0.896741 0.346703 
0.261709 0.429621 
0.0862296 0.444346 
0.0238464 0.232961 
0.158649 0.261968 
0.445331 0.814346 
0.474643 0.0687829 
0.819615 0.281186 
0.835596 0.0338683 
0.6867 0.217505 
0.0161707 0.343829 
0.00817133 0.459973 
0.450148 0.904913 
0.334534 0.892906 
0.156204 0.35838 
0.125867 0.314853 
0.129199 0.0949922 
0.639981 0.948815 
0.376178 0.483466 
0.767944 0.211774 
0.977928 0.204035 
0.102423 0.373829 
0.0856865 0.0165202 
0.802005 0.24189 
0.374901 0.927871 
0.556743 0.995249 
0.499069 0.685942 
0.0902415 0.13905 
0.622516 0.402701 
0.678194 0.139851 
0.235974 0.112788 
0.0802058 0.159654 
0.889862 0.182629 
0.0917279 0.619169 
0.588369 0.893732 
0.821604 0.417803 
0.958519 0.320673 
0.103745 0.0487601 
0.459722 0.738502 
0.51518 0.0822387 
0.141203 0.193373 
0.22209 0.952679 
0.849496 0.565976 
0.390435 0.0854693 
0.678764 0.47064 
0.245123 0.568626 
0.140475 0.744997 
0.397776 0.728843 
0.63873 0.258835 
0.692113 0.460333 
0.781006 0.780384 
0.699391 0.240728 
0.518886 0.214571 
0.322967 0.660089 
0.407945 0.545056 
0.612769 0.25744 
0.111032 0.00320332 
0.342909 0.789796 
0.358423 0.127113 
0.366639 0.498897 
0.227741 0.51084 
0.02325 0.919853 
0.971173 0.699888 
0.570484 0.752179 
0.480272 0.269876 
0.992907 0.999158 
0.484447 0.315873 
0.86093 0.272016 
0.149831 0.971962 
0.275219 0.492741 
0.0807734 0.120181 
0.876176 0.447412 
0.211827 0.84682 
0.259126 0.235077 
0.766673 0.230299 
0.934965 0.337157 
0.982478 0.415237 
0.607033 0.975385 
0.414395 0.0914798 
0.291258 0.0736421 
0.983871 0.152188 
0.345658 0.133702 
0.12415 0.620877 
0.626443 0.885908 
0.36994 0.707217 
0.00608968 0.246116 
0.154629 0.625168 
0.994402 0.366456 
0.471988 0.253529 
0.601533 0.238661 
0.951735 0.182851 
0.274331 0.732949 
0.439772 0.258202 
0.391905 0.00928646 
0.406307 0.0183477 
0.0223634 0.880193 
0.526453 0.0167657 
0.246649 0.998441 
0.270294 0.848183 
0.237102 0.754122 
0.384681 0.81292 
0.220428 0.336416 
0.995771 0.662118 
0.702547 0.270102 
0.395067 0.142319 
0.528304 0.280203 
0.92775 0.920209 
0.28949 0.334057 
0.938556 0.184685 
0.110304 0.664121 
0.0859692 0.132668 
0.149433 0.790964 
0.639146 0.847965 
0.17385 0.023827 
0.660885 0.394277 
0.360243 0.656656 
0.0563954 0.0627899 
0.926758 0.451462 
0.205109 0.455062 
0.731665 0.132859 
0.375271 0.0211552 
0.466915 0.313828 
0.20584 0.57722 
0.977948 0.291809 
0.709888 0.522263 
0.904231 0.859321 
0.313226 0.515094 
0.279048 0.952372 
0.976199 0.0239443 
0.847175 0.336443 
0.399233 0.607359 
0.355033 0.604342 
0.0624212 0.0866983 
0.7372 0.437692 
0.107854 0.204116 
0.75152 0.313693 
0.251731 0.509733 
0.350544 0.564957 
0.0248277 0.629592 
0.0824904 0.493529 
0.411831 0.929666 
0.829972 0.0924317 
0.833236 0.229204 
0.69979 0.188269 
0.274967 0.570746 
0.199904 0.382821 
0.680893 0.302017 
0.0474205 0.932624 
0.81175 0.397964 
0.497581 0.836578 
0.0275568 0.0149105 
0.224465 0.110047 
0.50844 0.636296 
0.0397128 0.338411 
0.0612182 0.401162 
0.19073 0.336186 
0.971908 0.390634 
0.302967 0.0229509 
0.717538 0.350388 
0.955575 0.529288 
0.748352 0.453155 
0.365866 0.775909 
0.468066 0.590331 
0.226627 0.925669 
0.314917 0.955355 
0.383873 0.859836 
0.283694 0.574603 
0.196022 0.255602 
0.00237164 0.307296 
0.330549 0.305339 
0.330247 0.0480872 
0.655726 0.285821 
0.577375 0.404078 
0.179987 0.207042 
0.533572 0.0659432 
0.183548 0.760199 
0.991612 0.498465 
0.380997 0.0994269 
0.67403 0.846088 
0.920293 0.639268 
0.946563 0.0916655 
0.228003 0.27681 
0.139753 0.88373 
0.562631 0.717128 
0.287808 0.301607 
0.50865 0.193941 
0.533738 0.692198 
0.954139 0.525351 
0.190662 0.669693 
0.31558 0.571659 
0.23635 0.44315 
0.811734 0.156643 
0.0824178 0.57285 
0.0793076 0.0289812 
0.664516 0.307311 
0.305791 0.804269 
0.191041 0.868422 
0.17003 0.181765 
0.946644 0.678679 
0.375706 0.480382 
0.00573269 0.561539 
0.999538 0.321313 
0.133198 0.768658 
0.28696 0.369548 
0.211808 0.098694 
0.526192 0.294226 
0.323207 0.33606 
0.91281 0.628998 
0.140329 0.103851 
0.49742 0.661725 
0.84349 0.529343 
0.346129 0.219196 
0.00972518 0.717007 
0.549041 0.0154579 
0.278546 0.548579 
0.317237 0.623731 
0.722425 0.307484 
0.82327 0.393969 
0.912983 0.146477 
0.929644 0.272896 
0.940346 0.375574 
0.0416863 0.286475 
0.59477 0.0514115 
0.00348177 0.143811 
0.0668693 0.282028 
0.69239 0.40364 
0.693772 0.00962697 
0.0273712 0.475064 
0.538672 0.749796 
0.782549 0.361942 
0.143765 0.695532 
0.508419 0.873795 
0.521325 0.283895 
0.744153 0.45097 
0.556791 0.276237 
0.963313 0.497137 
0.651811 0.00499916 
0.783612 0.246581 
0.0564106 0.787094 
0.390392 0.12328 
0.0691211 0.0827825 
0.52692 0.762893 
0.0924094 0.554292 
0.237957 0.631081 
0.304087 0.020506 
0.993023 0.447853 
0.716038 0.501443 
0.321647 0.237363 
0.785338 0.0658001 
0.688333 0.342128 
0.342037 0.651646 
0.240428 0.713056 
0.40997 0.630821 
0.836336 0.479091 
0.713603 0.363256 
0.241984 0.806013 
0.917548 0.479942 
0.437094 0.221635 
0.669488 0.216486 
0.93156 0.991135 
0.453849 0.716897 
0.0569348 0.142182 
0.0590255 0.398972 
0.392819 0.450473 
0.521167 0.633248 
0.163529 0.931138 
0.264068 0.999865 
0.410229 0.977672 
0.363121 0.652213 
0.783684 0.280668 
0.132155 0.220778 
0.502303 0.632603 
0.650895 0.171791 
0.849088 0.582454 
0.162926 0.302938 
0.299351 0.219861 
0.618832 0.238948 
0.256667 0.0116512 
0.644899 0.85295 
0.852814 0.119201 
0.886639 0.215935 
0.496603 0.90357 
0.170698 0.385261 
0.124449 0.333623 
0.688198 0.423801 
0.553484 0.133318 
0.782177 0.172316 
0.372266 0.0388446 
0.183967 0.061687 
0.914637 0.525651 
0.983386 0.416266 
0.294794 0.47999 
0.319836 0.185895 
0.478896 0.856008 
0.241269 0.85234 
0.983217 0.929467 
0.27614 0.536701 
0.0627856 0.0583177 
0.709017 0.435052 
0.0971623 0.892984 
0.496739 0.913841 
0.72185 0.411376 
0.178827 0.0843443 
0.0841551 0.162213 
0.564844 0.121099 
0.676455 0.292735 
0.145074 0.753911 
0.847192 0.421215 
0.290612 0.909977 
0.479532 0.999629 
0.345029 0.576695 
0.892613 0.841768 
0.490536 0.614463 
0.253143 0.930028 
0.0741464 0.43197 
0.0143726 0.158301 
0.537251 0.236386 
0.33543 0.102095 
0.357486 0.0118852 
0.39483 0.128179 
0.929609 0.539904 
0.961119 0.172701 
0.686778 0.440651 
0.17233 0.0318074 
0.0173457 0.0649427 
0.873575 0.507882 
0.679406 0.126718 
0.43791 0.753552 
0.911854 0.152871 
0.967266 0.449105 
0.389258 0.302696 
0.5512 0.746744 
0.314581 0.94603 
0.874923 0.244191 
0.485934 0.757013 
0.0209919 0.447053 
0.887704 0.102044 
0.166987 0.613153 
0.412932 0.846393 
0.599945 0.298559 
0.303124 0.511798 
0.45143 0.27039 
0.587432 0.887668 
0.131858 0.944068 
0.219368 0.15285 
0.391121 0.149082 
0.860621 0.278825 
0.251126 0.600198 
0.183875 0.418113 
0.213351 0.596807 
0.264506 0.953222 
0.447649 0.864451 
0.25178 0.750773 
0.376249 0.70321 
0.0211639 0.337152 
0.849255 0.13133 
0.481918 0.307388 
0.251456 0.813052 
0.766627 0.642576 
0.962134 0.627248 
0.921402 0.21326 
0.227446 0.105277 
0.394019 0.149733 
0.760329 0.645799 
0.900507 0.136578 
0.34901 0.921671 
0.47373 0.892908 
0.515921 0.322985 
0.0242377 0.997839 
0.611616 0.881829 
0.00549047 0.445807 
0.606369 0.232937 
0.551084 0.237742 
0.673734 0.253168 
0.133621 0.067753 
0.402901 0.89395 
0.713552 0.303408 
0.0305284 0.0625619 
0.225079 0.504259 
0.95547 0.741 
0.738839 0.457617 
0.59763 0.350455 
0.339446 0.0286041 
0.421713 0.734188 
0.309657 0.0280813 
0.265823 0.640858 
0.113909 0.399444 
0.708611 0.51681 
0.820218 0.323922 
0.484726 0.0452968 
0.828181 0.440195 
0.113041 0.0175325 
0.87559 0.452487 
0.0461366 0.604287 
0.316338 0.467849 
0.338475 0.625995 
0.495931 0.3056 
0.486736 0.761754 
0.946458 0.600645 
0.161198 0.65507 
0.117455 0.454592 
0.0772333 0.937674 
0.98297 0.606695 
0.00215442 0.769267 
0.262119 0.422057 
0.294402 0.375161 
0.43959 0.169992 
0.827648 0.485726 
0.77428 0.143986 
0.953576 0.112755 
0.769981 0.449506 
0.418354 0.256717 
0.21126 0.364812 
0.857363 0.372458 
0.0198819 0.974818 
0.827049 0.0971151 
0.912492 0.605563 
0.212258 0.661229 
0.0832858 0.959131 
0.849538 0.522876 
0.129124 0.677186 
0.00860195 0.903403 
0.0161579 0.591153 
0.411684 0.434512 
0.916321 0.592542 
0.428014 0.575396 
0.488004 0.640271 
0.236624 0.152733 
0.114649 0.31991 
0.111864 0.964187 
0.842786 0.240988 
0.641373 0.851388 
0.144391 0.462545 
0.813565 0.160549 
0.0536979 0.225249 
0.595061 0.901568 
0.848192 0.394386 
0.6068 0.843594 
0.213592 0.286851 
0.666044 0.129913 
0.879393 0.0940577 
0.705309 0.367397 
0.52013 0.848978 
0.261843 0.631994 
0.813165 0.104629 
0.872982 0.454538 
0.956016 0.0173735 
0.177922 0.970781 
0.167369 0.47915 
0.686616 0.380961 
0.766001 0.35266 
0.510874 0.645394 
0.446718 0.216183 
0.0127909 0.181047 
0.158117 0.532921 
0.030025 0.41996 
0.164916 0.84319 
0.524588 0.037898 
0.297728 0.480604 
0.0552715 0.214812 
0.250185 0.233194 
0.185593 0.245015 
0.00617739 0.057942 
0.0880375 0.173546 
0.537092 0.774654 
0.554507 0.303092 
0.127314 0.0653819 
0.948486 0.574032 
0.281565 0.961277 
0.755079 0.439682 
0.494198 0.785104 
0.859641 0.659114 
0.628294 0.38423 
0.140833 0.115019 
0.985477 0.326426 
0.360034 0.991655 
0.384368 0.448072 
0.165201 0.92146 
0.222725 0.719709 
0.224552 0.350039 
0.78509 0.173039 
0.924071 0.0666557 
0.134316 0.679149 
0.506338 0.628514 
0.287628 0.0925465 
0.0185683 0.615042 
0.736923 0.159402 
0.485828 0.0900956 
0.538167 0.879256 
0.791656 0.760893 
0.598965 0.0162083 
0.110932 0.384055 
0.189247 0.0350024 
0.450711 0.323563 
0.952077 0.178404 
0.323027 0.239705 
0.270951 0.0732358 
0.224345 0.289519 
0.804945 0.0466023 
0.27698 0.596601 
0.612809 0.918427 
0.260001 0.802056 
0.953429 0.710712 
0.125619 0.667581 
0.66776 0.0776962 
0.317401 0.116936 
0.0640236 0.541746 
0.406455 0.752302 
0.503015 0.855376 
0.170641 0.186684 
0.191671 0.533173 
0.4516 0.997334 
0.606537 0.405029 
0.0726101 0.375807 
0.366594 0.127253 
0.0355315 0.430618 
0.182919 0.172014 
0.297363 0.35356 
0.358698 0.0874882 
0.0326361 0.943106 
0.291487 0.541828 
0.539163 0.285246 
0.148117 0.247209 
0.0174022 0.220727 
0.623015 0.827254 
0.139322 0.98961 
0.954507 0.174854 
0.420227 0.623507 
0.956707 0.15422 
0.00169172 0.989343 
0.0973256 0.68425 
0.55848 0.0391446 
0.443648 0.237189 
0.522436 0.930349 
0.23002 0.539838 
0.151076 0.853035 
0.367092 0.290398 
0.842645 0.3216 
0.465251 0.262872 
0.945107 0.0820917 
0.893993 0.240717 
0.598871 0.337641 
0.320452 0.000341846 
0.311451 0.550472 
0.403507 0.907272 
0.752925 0.246151 
0.228872 0.218176 
0.509023 0.173979 
0.300267 0.375042 
0.914607 0.296563 
0.197767 0.809455 
0.29455 0.00983605 
0.217503 0.168432 
0.0332624 0.695409 
0.695751 0.860986 
0.904186 0.235931 
0.323513 0.307693 
0.143203 0.0764376 
0.294613 0.0628676 
0.891444 0.635677 
0.270115 0.185993 
0.645513 0.0717427 
0.16278 0.215075 
0.767364 0.380283 
0.383507 0.800626 
0.0756919 0.933042 
0.154341 0.771443 
0.794029 0.0585269 
0.00737377 0.117542 
0.36622 0.150577 
0.193979 0.920064 
0.982932 0.0687056 
0.0834737 0.420841 
0.529366 0.974917 
0.0565182 0.799481 
0.16091 0.702031 
0.871224 0.32369 
0.917106 0.638587 
0.703973 0.300613 
0.439213 0.779665 
0.233655 0.593554 
0.551108 0.027684 
0.145226 0.0183008 
0.709058 0.339205 
0.938365 0.23171 
0.300416 0.911272 
0.342139 0.829782 
0.886189 0.398657 
0.629263 0.0470995 
0.100688 0.500486 
0.37079 0.0177936 
0.139073 0.0747624 
0.318407 0.578287 
0.854427 0.552062 
0.17184 0.405535 
0.579746 0.823921 
0.964016 0.724972 
0.0641772 0.780587 
0.701884 0.2052 
0.803247 0.0440231 
0.0349821 0.689436 
0.44268 0.664245 
0.164731 0.107325 
0.561162 0.303804 
0.182088 0.879568 
0.882091 0.0365149 
0.43163 0.0539315 
0.44205 0.0113763 
0.877853 0.406066 
0.0791404 0.800525 
0.500662 0.983925 
0.692501 0.202546 
0.189125 0.495748 
0.246569 0.224108 
0.185184 0.689249 
0.232617 0.0530833 
0.0290455 0.793779 
0.356888 0.211133 
0.673347 0.238979 
0.247648 0.104977 
0.29291 0.689698 
0.116353 0.170763 
0.0957639 0.852702 
0.890837 0.174904 
0.653227 0.391499 
0.158829 0.345728 
0.594046 0.347955 
0.572062 0.0266604 
0.513498 0.977426 
0.55626 0.870385 
0.188559 0.229607 
0.109364 0.436208 
0.125906 0.450938 
0.573037 0.22167 
0.30364 0.463875 
0.396574 0.956867 
0.855374 0.555403 
0.903358 0.144071 
0.290035 0.47542 
0.170732 0.819899 
0.935834 0.119112 
0.0965383 0.138641 
0.319717 0.285098 
0.153771 0.404394 
0.0688805 0.457411 
0.868269 0.465454 
0.414278 0.723643 
0.0208573 0.716873 
0.173063 0.924215 
0.860944 0.463097 
0.399635 0.0316762 
0.282996 0.335469 
0.150788 0.865377 
0.784801 0.247327 
0.00401818 0.104518 
0.5336 0.25373 
0.0750997 0.364956 
0.100941 0.228871 
0.76935 0.169821 
0.635275 0.10056 
0.361261 0.656133 
0.997421 0.979982 
0.710054 0.280417 
0.315451 0.860842 
0.145794 0.100252 
0.108169 0.149813 
0.204771 0.640593 
0.522079 0.738371 
0.894323 0.597179 
0.103327 0.995264 
0.165085 0.512332 
0.510296 0.80036 
0.612891 0.871558 
0.405881 0.0368405 
0.108702 0.403303 
0.0168228 0.818755 
0.68372 0.332274 
0.432526 0.787766 
0.979327 0.637297 
0.375668 0.322681 
0.0985855 0.478996 
0.317945 0.924635 
0.351673 0.48303 
0.436967 0.861969 
0.28339 0.0498583 
0.480183 0.139408 
0.542711 0.793546 
0.407639 0.226431 
0.12582 0.0872361 
0.0559451 0.558347 
0.875002 0.0352721 
0.195644 0.30336 
0.0503078 0.943987 
0.427016 0.996866 
0.26395 0.710406 
0.0467247 0.997477 
0.136885 0.227013 
0.115791 0.679596 
0.0205589 0.523431 
0.906026 0.146379 
0.610667 0.961971 
0.704726 0.485668 
0.169186 0.52199 
0.359057 0.729085 
0.725952 0.187921 
0.49648 0.772676 
0.185398 0.946769 
0.299584 0.322283 
0.173782 0.415375 
0.00187834 0.194341 
0.34072 0.549472 
0.869876 0.0454463 
0.0351405 0.867119 
0.239239 0.570228 
0.939489 0.598296 
0.299313 0.863459 
0.38437 0.0252645 
0.0513803 0.88085 
0.797941 0.236778 
0.827619 0.0975245 
0.559061 0.00140116 
0.195742 0.451705 
0.00117734 0.33872 
0.581909 0.0363179 
0.205839 0.527725 
0.860487 0.606881 
0.945223 0.0997262 
0.177108 0.884712 
0.698023 0.476421 
0.748171 0.0823923 
0.501686 0.799552 
0.963242 0.299627 
0.0363298 0.790861 
0.397151 0.595391 
0.15633 0.988005 
0.361756 0.625174 
0.963893 0.106376 
0.399251 0.169732 
0.6341 0.259738 
0.359464 0.953721 
0.464036 0.0574866 
0.430143 0.212207 
0.139879 0.931828 
0.0117589 0.103121 
0.231455 0.0480887 
0.893982 0.628606 
0.538656 0.799809 
0.424983 0.198716 
0.263345 0.388876 
0.305092 0.662596 
0.558608 0.939192 
0.922334 0.335221 
0.518516 0.281798 
0.288943 0.982552 
0.339285 0.719085 
0.194759 0.479163 
0.650914 0.206518 
0.582285 0.882368 
0.254607 0.476267 
0.510974 0.898086 
0.162512 0.0496305 
0.950043 0.122878 
0.0354768 0.213388 
0.875984 0.0703619 
0.279761 0.798318 
0.405583 0.798276 
0.0801155 0.694526 
0.780828 0.4194 
0.413612 0.975588 
0.898563 0.0645254 
0.182106 0.480848 
0.946894 0.436712 
0.957115 0.457868 
0.334799 0.119626 
0.507498 0.0326938 
0.956387 0.457541 
0.155572 0.991864 
0.332432 0.546912 
0.34523 0.143271 
0.410469 0.425345 
0.837797 0.191298 
0.844745 0.251409 
0.166885 0.743309 
0.315934 0.348991 
0.224157 0.262828 
0.785703 0.181272 
0.720696 0.120502 
0.300898 0.228194 
0.153196 0.257285 

*** Positivos ***
0.610169 0.583333 
0.610169 0.5 
0.644068 0.541667 
0.59322 0.583333 
0.59322 0.625 
0.762712 0.708333 
1 0.916667 
0.677966 0.583333 
0.79661 0.916667 
0.644068 0.708333 


*** Negativos ***
1 0.916667 

